const gaussian = [
    0.0947416, 0.118318, 0.0947416,
    0.118318 , 0.147761, 0.118318,
    0.0947416, 0.118318, 0.0947416
]


//param = 1/273
const bigGaussian = [
    1, 4,  7,  4,  1,
    4, 16, 26, 16, 4,
    7, 26, 41, 26, 7,
    4, 16, 26, 16, 4,
    1, 4,  7,  4,  1
]

const superGaussian = [
    0.00000067,	0.00002292,	0.00019117,	0.00038771,	0.00019117,	0.00002292,	0.00000067,
    0.00002292,	0.00078633,	0.00655965,	0.01330373,	0.00655965,	0.00078633,	0.00002292,
    0.00019117,	0.00655965,	0.05472157,	0.11098164,	0.05472157,	0.00655965,	0.00019117,
    0.00038771,	0.01330373,	0.11098164,	0.22508352,	0.11098164,	0.01330373,	0.00038771,
    0.00019117,	0.00655965,	0.05472157,	0.11098164,	0.05472157,	0.00655965,	0.00019117,
    0.00002292,	0.00078633,	0.00655965,	0.01330373,	0.00655965,	0.00078633,	0.00002292,
    0.00000067,	0.00002292,	0.00019117,	0.00038771,	0.00019117,	0.00002292,	0.00000067
]

const yGrad = [
     1,  2,  1,
     0,  0,  0,
    -1, -2, -1
]
const xGrad = [
    -1, 0,  1,
    -2, 0,  2,
    -1, 0,  1
]

const sharp = [
     0,  1,  0,
     1, -5,  1,
     0,  1,  0
]

const Laplace = [
    0,  1,  0,
    1, -4,  1,
    0,  1,  0
]

const LaplaceEx = [
    1,  1,  1,
    1, -8,  1,
    1,  1,  1
]

const test = [
    0, 0, 0,
    0, 1, 0,
    0, 0, 0
]

export {
    xGrad,
    yGrad,
    gaussian,
    bigGaussian,
    superGaussian,
    sharp,
    Laplace,
    LaplaceEx,
    test
}